$ANSIBLE_VAULT;1.1;AES256
61343936623332386335336665373763613133613436356138353739636639386235616231306361
3437303664303738616438656464386134656663653532330a336662336561633834363530373935
30623166643335333334663731333131376361616162333037303431363636663735326263356464
6637633739396232340a323734303931396235623165343830623166386637383439666462343239
61663264356435633061333837386664323063636631363066666232326432623834373638653532
38616639633264373262643331363566363466343532363639636637633963383462376163303937
64363765623532363334313639313838666662623335313861313538663665373735306432373532
38393334666332323437303562353565343864313162316631633130313333353934316530386537
66633738396563376530323162633062373337633038666163396166313764323666333364663963
66306663323236313739393861333264646530663766363462323563343232346335643338303463
31373330356334393434626632663339363439646465376130366466396139353539353665633362
64383164323066316238333162313066313862336137643464663835636664393666363130656134
36363535653565303765366466646131383139393465313930613233313134633561363162376466
61323466313266326232363834343734633135653339633261363137393335666239653533653135
35613939623365643066656433306162653532313633393064636235323635343433383337623239
33313637363836326639383035373733626639303439613137656262353333326363346263383034
64636336623262303262376538613265386539666663656630623066396137393330306431623730
35663233346134623038656366383764353936383837326265616330333130323863656437613237
64643761313531623061383563623533666633383834313432306638623935646631643238333563
37323663393835323539326361343439643463326366633833616435303935383634613438363430
3865
